a <- 10
b <- 20
c<- 30

d<- 40
abc <- 20
 pqr y-40
